46 46 0 1
0000000000000000000000000000000000000000000000
0000000000000000000000000000000000000000000000
0000000000000000000000000000000000000000000000
0000000000000000000000000000000000000000000000
0000000000000000000000000000000000000000000000
0000000000000000000000000000000000000000000000
0000000000000000000000000000000000000000000000
0000000000000000000000000000000000000000000000
0000000000000000000000011000000000000000000000
0000000000000000000000111100000000000000000000
0000000000000000000011001110000000000000000000
0000000000000000000010000110000000000000000000
0000000000000000000111001111000000000000000000
0000000000000000011111111111100000000000000000
0000000000000000111111111111110000000000000000
0000000000000000111111111111111000000000000000
0000000000000001111111111111111000000000000000
0000000000000011111111111111111110000000000000
0000000000000111111111111111110111000000000000
0000000000001111111111111111111111100000000000
0000000000011111111111111111101111110000000000
0000000000111111111111111111100011110000000000
0000000001111111111111111111000011111100000000
0000000111111111111111111111000111111110000000
0000000111111111111111111111001111111111000000
0000000011111111111111111111001111111110000000
0000000001111111111111111111100111111100000000
0000000000111111110011111111100011111000000000
0000000000011111111011111111110001110000000000
0000000000011111111111111111110000100000000000
0000000000001111111111111111110000000000000000
0000000000000111111111111111110000000000000000
0000000000000011111111111111111000000000000000
0000000000000001111111111111110000000000000000
0000000000000000011100000000000000000000000000
0000000000000000001000000000000000000000000000
0000000000000000001110000110000000000000000000
0000000000000000000111101111000000000000000000
0000000000000000000011111110000000000000000000
0000000000000000000001111100000000000000000000
0000000000000000000000111000000000000000000000
0000000000000000000000010000000000000000000000
0000000000000000000000000000000000000000000000
0000000000000000000000000000000000000000000000
0000000000000000000000000000000000000000000000
0000000000000000000000000000000000000000000000
