PrettyPrint of Connected_CC_Pass1:
NumRows:46 NumCols:46
                                                                                            
                                                                                            
                                                                                            
                                                                                            
                                                                                            
                                                                                            
                                                                                            
                                                                                            
                                              1 1                                           
                                            2 1 1 1                                         
                                        3 3     1 1 1                                       
                                        3         1 1                                       
                                      4 3 3     5 1 1 1                                     
                                  6 6 4 3 3 3 3 3 1 1 1 1                                   
                                7 6 6 4 3 3 3 3 3 1 1 1 1 1                                 
                                7 6 6 4 3 3 3 3 3 1 1 1 1 1 1                               
                              8 7 6 6 4 3 3 3 3 3 1 1 1 1 1 1                               
                            9 8 7 6 6 4 3 3 3 3 3 1 1 1 1 1 1 1 1                           
                          10 9 8 7 6 6 4 3 3 3 3 3 1 1 1 1 1   1 1 1                         
                        11 10 9 8 7 6 6 4 3 3 3 3 3 1 1 1 1 1 1 1 1 1 1                       
                      12 11 10 9 8 7 6 6 4 3 3 3 3 3 1 1 1 1   1 1 1 1 1 1                     
                    13 12 11 10 9 8 7 6 6 4 3 3 3 3 3 1 1 1 1       1 1 1 1                     
                  14 13 12 11 10 9 8 7 6 6 4 3 3 3 3 3 1 1 1         1 1 1 1 1 1                 
              15 15 14 13 12 11 10 9 8 7 6 6 4 3 3 3 3 3 1 1 1       16 1 1 1 1 1 1 1               
              15 15 14 13 12 11 10 9 8 7 6 6 4 3 3 3 3 3 1 1 1     17 16 1 1 1 1 1 1 1 1             
                15 14 13 12 11 10 9 8 7 6 6 4 3 3 3 3 3 1 1 1     17 16 1 1 1 1 1 1 1               
                  14 13 12 11 10 9 8 7 6 6 4 3 3 3 3 3 1 1 1 1     16 1 1 1 1 1 1                 
                    13 12 11 10 9 8 7 6     3 3 3 3 3 1 1 1 1       1 1 1 1 1                   
                      12 11 10 9 8 7 6 6   3 3 3 3 3 1 1 1 1 1       1 1 1                     
                      12 11 10 9 8 7 6 6 6 3 3 3 3 3 1 1 1 1 1         1                       
                        11 10 9 8 7 6 6 6 3 3 3 3 3 1 1 1 1 1                                 
                          10 9 8 7 6 6 6 3 3 3 3 3 1 1 1 1 1                                 
                            9 8 7 6 6 6 3 3 3 3 3 1 1 1 1 1 1                               
                              8 7 6 6 6 3 3 3 3 3 1 1 1 1 1                                 
                                  6 6 6                                                     
                                    6                                                       
                                    6 6 6         18 18                                       
                                      6 6 6 6   19 18 18 18                                     
                                        6 6 6 6 6 6 6                                       
                                          6 6 6 6 6                                         
                                            6 6 6                                           
                                              6                                             
                                                                                            
                                                                                            
                                                                                            
                                                                                            


EQAry:
[1][2][3][4][5][6][7][8][9][10][11][12][13][14][15][16][17][18]
 1  2  3  4  5  6  7  8  9  10  11  12  13  14  15  16  17  18 

PrettyPrint of Connected_CC_Pass2:
NumRows:46 NumCols:46
                                                                                            
                                                                                            
                                                                                            
                                                                                            
                                                                                            
                                                                                            
                                                                                            
                                                                                            
                                              1 1                                           
                                            1 1 1 1                                         
                                        1 3     1 1 1                                       
                                        1         1 1                                       
                                      1 1 1     1 1 1 1                                     
                                  1 1 1 1 1 1 1 1 1 1 1 1                                   
                                1 1 1 1 1 1 1 1 1 1 1 1 1 1                                 
                                1 1 1 1 1 1 1 1 1 1 1 1 1 1 1                               
                              1 1 1 1 1 1 1 1 1 1 1 1 1 1 1 1                               
                            1 1 1 1 1 1 1 1 1 1 1 1 1 1 1 1 1 1 1                           
                          1 1 1 1 1 1 1 1 1 1 1 1 1 1 1 1 1   1 1 1                         
                        1 1 1 1 1 1 1 1 1 1 1 1 1 1 1 1 1 1 1 1 1 1 1                       
                      1 1 1 1 1 1 1 1 1 1 1 1 1 1 1 1 1 1   1 1 1 1 1 1                     
                    1 1 1 1 1 1 1 1 1 1 1 1 1 1 1 1 1 1 1       1 1 1 1                     
                  1 1 1 1 1 1 1 1 1 1 1 1 1 1 1 1 1 1 1         1 1 1 1 1 1                 
              1 1 1 1 1 1 1 1 1 1 1 1 1 1 1 1 1 1 1 1 1       1 1 1 1 1 1 1 1               
              1 1 1 1 1 1 1 1 1 1 1 1 1 1 1 1 1 1 1 1 1     1 1 1 1 1 1 1 1 1 1             
                1 1 1 1 1 1 1 1 1 1 1 1 1 1 1 1 1 1 1 1     1 1 1 1 1 1 1 1 1               
                  1 1 1 1 1 1 1 1 1 1 1 1 1 1 1 1 1 1 1 1     1 1 1 1 1 1 1                 
                    1 1 1 1 1 1 1 1     1 1 1 1 1 1 1 1 1       1 1 1 1 1                   
                      1 1 1 1 1 1 1 1   1 1 1 1 1 1 1 1 1 1       1 1 1                     
                      1 1 1 1 1 1 1 1 1 1 1 1 1 1 1 1 1 1 1         1                       
                        1 1 1 1 1 1 1 1 1 1 1 1 1 1 1 1 1 1                                 
                          1 1 1 1 1 1 1 1 1 1 1 1 1 1 1 1 1                                 
                            1 1 1 1 1 1 1 1 1 1 1 1 1 1 1 1 1                               
                              1 1 1 1 1 1 1 1 1 1 1 1 1 1 1                                 
                                  6 6 6                                                     
                                    6                                                       
                                    6 6 6         6 6                                       
                                      6 6 6 6   6 6 6 18                                     
                                        6 6 6 6 6 6 6                                       
                                          6 6 6 6 6                                         
                                            6 6 6                                           
                                              6                                             
                                                                                            
                                                                                            
                                                                                            
                                                                                            


EQAry:
[1][2][3][4][5][6][7][8][9][10][11][12][13][14][15][16][17][18]
 1  1  1  1  1  1  1  1  1  1  1  1  1  1  1  1  1  6 

EQAry After Management: 
[1][2][3][4][5][6][7][8][9][10][11][12][13][14][15][16][17][18]
 1  1  1  1  1  1  1  1  1  1  1  1  1  1  1  1  1  1 

PrettyPrint of Connected_CC_Pass3:
NumRows:46 NumCols:46
                                                                                            
                                                                                            
                                                                                            
                                                                                            
                                                                                            
                                                                                            
                                                                                            
                                                                                            
                                              1 1                                           
                                            1 1 1 1                                         
                                        1 1     1 1 1                                       
                                        1         1 1                                       
                                      1 1 1     1 1 1 1                                     
                                  1 1 1 1 1 1 1 1 1 1 1 1                                   
                                1 1 1 1 1 1 1 1 1 1 1 1 1 1                                 
                                1 1 1 1 1 1 1 1 1 1 1 1 1 1 1                               
                              1 1 1 1 1 1 1 1 1 1 1 1 1 1 1 1                               
                            1 1 1 1 1 1 1 1 1 1 1 1 1 1 1 1 1 1 1                           
                          1 1 1 1 1 1 1 1 1 1 1 1 1 1 1 1 1   1 1 1                         
                        1 1 1 1 1 1 1 1 1 1 1 1 1 1 1 1 1 1 1 1 1 1 1                       
                      1 1 1 1 1 1 1 1 1 1 1 1 1 1 1 1 1 1   1 1 1 1 1 1                     
                    1 1 1 1 1 1 1 1 1 1 1 1 1 1 1 1 1 1 1       1 1 1 1                     
                  1 1 1 1 1 1 1 1 1 1 1 1 1 1 1 1 1 1 1         1 1 1 1 1 1                 
              1 1 1 1 1 1 1 1 1 1 1 1 1 1 1 1 1 1 1 1 1       1 1 1 1 1 1 1 1               
              1 1 1 1 1 1 1 1 1 1 1 1 1 1 1 1 1 1 1 1 1     1 1 1 1 1 1 1 1 1 1             
                1 1 1 1 1 1 1 1 1 1 1 1 1 1 1 1 1 1 1 1     1 1 1 1 1 1 1 1 1               
                  1 1 1 1 1 1 1 1 1 1 1 1 1 1 1 1 1 1 1 1     1 1 1 1 1 1 1                 
                    1 1 1 1 1 1 1 1     1 1 1 1 1 1 1 1 1       1 1 1 1 1                   
                      1 1 1 1 1 1 1 1   1 1 1 1 1 1 1 1 1 1       1 1 1                     
                      1 1 1 1 1 1 1 1 1 1 1 1 1 1 1 1 1 1 1         1                       
                        1 1 1 1 1 1 1 1 1 1 1 1 1 1 1 1 1 1                                 
                          1 1 1 1 1 1 1 1 1 1 1 1 1 1 1 1 1                                 
                            1 1 1 1 1 1 1 1 1 1 1 1 1 1 1 1 1                               
                              1 1 1 1 1 1 1 1 1 1 1 1 1 1 1                                 
                                  1 1 1                                                     
                                    1                                                       
                                    1 1 1         1 1                                       
                                      1 1 1 1   1 1 1 1                                     
                                        1 1 1 1 1 1 1                                       
                                          1 1 1 1 1                                         
                                            1 1 1                                           
                                              1                                             
                                                                                            
                                                                                            
                                                                                            
                                                                                            


EQAry:
[1][2][3][4][5][6][7][8][9][10][11][12][13][14][15][16][17][18]
 1  1  1  1  1  1  1  1  1  1  1  1  1  1  1  1  1  1 

